header.
Temperature: 300 K
Motor frequency: 65 Hz Hz
Motor amplitude: 2mm mm
time constant: 100 s
sample information: R486-xline-5.177E+1	1.003E-4
-5.167E+1	1.004E-4
-5.096E+1	1.002E-4
-5.024E+1	9.978E-5
-4.952E+1	9.994E-5
-4.881E+1	1.002E-4
-4.810E+1	1.005E-4
-4.737E+1	9.963E-5
-4.666E+1	1.003E-4
-4.596E+1	1.009E-4
-4.527E+1	9.979E-5
-4.457E+1	9.960E-5
-4.388E+1	1.006E-4
-4.319E+1	9.970E-5
-4.249E+1	1.005E-4
-4.180E+1	1.005E-4
-4.112E+1	9.957E-5
-4.045E+1	9.955E-5
-3.977E+1	1.000E-4
-3.910E+1	1.003E-4
-3.844E+1	1.004E-4
-3.778E+1	1.003E-4
-3.712E+1	1.011E-4
-3.645E+1	1.004E-4
-3.577E+1	1.007E-4
-3.512E+1	1.001E-4
-3.447E+1	9.948E-5
-3.383E+1	9.989E-5
-3.318E+1	1.003E-4
-3.254E+1	1.003E-4
-3.191E+1	1.002E-4
-3.126E+1	1.008E-4
-3.062E+1	9.980E-5
-2.999E+1	9.974E-5
-2.937E+1	1.005E-4
-2.875E+1	9.978E-5
-2.813E+1	9.967E-5
-2.752E+1	9.985E-5
-2.691E+1	9.964E-5
-2.629E+1	9.973E-5
-2.567E+1	9.880E-5
-2.506E+1	9.907E-5
-2.446E+1	9.936E-5
-2.386E+1	9.847E-5
-2.326E+1	9.933E-5
-2.267E+1	9.827E-5
-2.208E+1	9.775E-5
-2.149E+1	9.703E-5
-2.091E+1	9.495E-5
-2.020E+1	9.248E-5
-1.963E+1	8.854E-5
-1.905E+1	8.045E-5
-1.848E+1	7.137E-5
-1.789E+1	6.083E-5
-1.730E+1	4.903E-5
-1.674E+1	3.427E-5
-1.617E+1	1.929E-5
-1.560E+1	3.498E-6
-1.505E+1	-1.560E-5
-1.449E+1	-3.606E-5
-1.392E+1	-6.068E-5
-1.336E+1	-8.158E-5
-1.279E+1	-8.846E-5
-1.224E+1	-9.220E-5
-1.170E+1	-9.410E-5
-1.116E+1	-9.495E-5
-1.062E+1	-9.511E-5
-1.008E+1	-9.626E-5
-9.546E+0	-9.652E-5
-9.006E+0	-9.750E-5
-8.460E+0	-9.729E-5
-7.922E+0	-9.634E-5
-7.396E+0	-9.741E-5
-6.862E+0	-9.720E-5
-6.343E+0	-9.709E-5
-5.822E+0	-9.738E-5
-5.289E+0	-9.787E-5
-4.773E+0	-9.733E-5
-4.260E+0	-9.770E-5
-3.750E+0	-9.779E-5
-3.238E+0	-9.764E-5
-2.664E+0	-9.838E-5
-2.152E+0	-9.821E-5
-1.639E+0	-9.832E-5
-1.136E+0	-9.799E-5
-4.701E-1	-9.753E-5
4.039E-2	-9.781E-5
5.292E-1	-9.826E-5
1.018E+0	-9.832E-5
1.578E+0	-9.875E-5
2.067E+0	-9.832E-5
2.551E+0	-9.826E-5
3.035E+0	-9.870E-5
3.516E+0	-9.779E-5
4.000E+0	-9.858E-5
4.480E+0	-9.820E-5
4.956E+0	-9.908E-5
5.433E+0	-9.870E-5
5.914E+0	-9.883E-5
6.384E+0	-9.893E-5
6.849E+0	-9.841E-5
7.313E+0	-9.928E-5
7.774E+0	-9.929E-5
8.245E+0	-9.899E-5
8.705E+0	-9.805E-5
9.160E+0	-9.876E-5
9.615E+0	-9.870E-5
1.007E+1	-9.962E-5
1.052E+1	-9.972E-5
1.098E+1	-9.954E-5
1.143E+1	-9.873E-5
1.187E+1	-9.897E-5
1.231E+1	-9.939E-5
1.275E+1	-9.914E-5
1.319E+1	-9.953E-5
1.363E+1	-9.950E-5
1.408E+1	-9.929E-5
1.450E+1	-9.963E-5
1.494E+1	-9.921E-5
1.536E+1	-9.949E-5
1.579E+1	-9.978E-5
1.621E+1	-9.928E-5
1.664E+1	-9.953E-5
1.708E+1	-9.914E-5
1.750E+1	-9.832E-5
1.792E+1	-9.897E-5
1.833E+1	-9.990E-5
1.874E+1	-9.964E-5
1.915E+1	-9.953E-5
1.956E+1	-9.916E-5
2.006E+1	-9.982E-5
2.046E+1	-9.964E-5
2.086E+1	-9.924E-5
2.127E+1	-9.962E-5
2.168E+1	-9.936E-5
2.208E+1	-9.883E-5
2.247E+1	-9.894E-5
2.287E+1	-9.868E-5
2.326E+1	-9.962E-5
2.364E+1	-1.001E-4
2.403E+1	-9.893E-5
2.443E+1	-9.899E-5
2.481E+1	-9.924E-5
2.520E+1	-9.875E-5
2.558E+1	-9.898E-5
2.596E+1	-9.909E-5
2.633E+1	-9.941E-5
2.672E+1	-9.948E-5
2.711E+1	-9.921E-5
2.748E+1	-9.954E-5
2.785E+1	-9.913E-5
2.822E+1	-9.950E-5
2.859E+1	-9.918E-5
2.896E+1	-9.927E-5
2.933E+1	-9.936E-5
2.968E+1	-9.902E-5
3.004E+1	-9.952E-5
2.963E+1	-9.942E-5
2.937E+1	-9.999E-5
2.875E+1	-9.979E-5
2.813E+1	-9.957E-5
2.752E+1	-9.912E-5
2.689E+1	-9.901E-5
2.628E+1	-9.949E-5
2.567E+1	-9.983E-5
2.507E+1	-9.980E-5
2.447E+1	-9.933E-5
2.386E+1	-9.892E-5
2.325E+1	-9.995E-5
2.266E+1	-9.970E-5
2.207E+1	-9.916E-5
2.148E+1	-1.001E-4
2.090E+1	-9.924E-5
2.019E+1	-9.979E-5
1.962E+1	-9.871E-5
1.904E+1	-9.912E-5
1.845E+1	-9.907E-5
1.788E+1	-9.917E-5
1.732E+1	-9.902E-5
1.675E+1	-1.002E-4
1.619E+1	-9.896E-5
1.563E+1	-9.912E-5
1.507E+1	-9.902E-5
1.450E+1	-9.922E-5
1.394E+1	-9.943E-5
1.339E+1	-9.941E-5
1.285E+1	-9.941E-5
1.230E+1	-9.884E-5
1.176E+1	-9.845E-5
1.122E+1	-9.953E-5
1.066E+1	-9.893E-5
1.012E+1	-9.894E-5
9.593E+0	-9.893E-5
9.063E+0	-9.975E-5
8.535E+0	-9.884E-5
8.009E+0	-9.913E-5
7.472E+0	-9.928E-5
6.938E+0	-9.891E-5
6.416E+0	-9.903E-5
5.896E+0	-9.858E-5
5.382E+0	-9.927E-5
4.870E+0	-9.882E-5
4.351E+0	-9.950E-5
3.829E+0	-9.888E-5
3.305E+0	-9.901E-5
2.802E+0	-9.891E-5
2.241E+0	-9.939E-5
1.743E+0	-9.902E-5
1.247E+0	-9.970E-5
4.777E-1	-9.867E-5
-3.346E-2	-9.928E-5
-5.252E-1	-9.969E-5
-1.018E+0	-9.901E-5
-1.572E+0	-9.907E-5
-2.058E+0	-9.919E-5
-2.548E+0	-9.937E-5
-3.028E+0	-9.795E-5
-3.505E+0	-9.858E-5
-3.979E+0	-9.904E-5
-4.465E+0	-9.936E-5
-4.940E+0	-9.862E-5
-5.408E+0	-9.837E-5
-5.872E+0	-9.880E-5
-6.337E+0	-9.850E-5
-6.800E+0	-9.845E-5
-7.274E+0	-9.862E-5
-7.733E+0	-9.842E-5
-8.186E+0	-9.786E-5
-8.642E+0	-9.847E-5
-9.096E+0	-9.856E-5
-9.544E+0	-9.832E-5
-1.000E+1	-9.794E-5
-1.046E+1	-9.823E-5
-1.090E+1	-9.674E-5
-1.135E+1	-9.664E-5
-1.179E+1	-9.531E-5
-1.225E+1	-9.400E-5
-1.269E+1	-9.158E-5
-1.313E+1	-8.473E-5
-1.356E+1	-7.736E-5
-1.399E+1	-6.822E-5
-1.443E+1	-5.825E-5
-1.487E+1	-4.794E-5
-1.530E+1	-3.520E-5
-1.572E+1	-2.300E-5
-1.614E+1	-1.038E-5
-1.656E+1	4.269E-6
-1.698E+1	1.941E-5
-1.740E+1	4.566E-5
-1.783E+1	6.057E-5
-1.824E+1	6.832E-5
-1.865E+1	7.512E-5
-1.906E+1	8.212E-5
-1.947E+1	8.462E-5
-1.988E+1	8.947E-5
-2.036E+1	9.134E-5
-2.076E+1	9.409E-5
-2.116E+1	9.491E-5
-2.157E+1	9.557E-5
-2.197E+1	9.698E-5
-2.236E+1	9.633E-5
-2.276E+1	9.685E-5
-2.315E+1	9.678E-5
-2.353E+1	9.709E-5
-2.392E+1	9.772E-5
-2.431E+1	9.713E-5
-2.470E+1	9.754E-5
-2.508E+1	9.865E-5
-2.546E+1	9.822E-5
-2.584E+1	9.795E-5
-2.622E+1	9.872E-5
-2.659E+1	9.865E-5
-2.697E+1	9.866E-5
-2.736E+1	9.848E-5
-2.773E+1	9.866E-5
-2.810E+1	9.827E-5
-2.847E+1	9.868E-5
-2.883E+1	9.912E-5
-2.920E+1	9.918E-5
-2.957E+1	9.851E-5
-2.994E+1	9.926E-5
-3.030E+1	9.899E-5
-3.066E+1	9.908E-5
-3.102E+1	9.921E-5
-3.137E+1	9.972E-5
-3.173E+1	9.932E-5
-3.208E+1	9.936E-5
-3.244E+1	9.958E-5
-3.280E+1	9.909E-5
-3.314E+1	9.928E-5
-3.349E+1	9.960E-5
-3.383E+1	9.962E-5
-3.417E+1	9.928E-5
-3.451E+1	9.931E-5
-3.486E+1	1.002E-4
-3.521E+1	9.923E-5
-3.555E+1	9.952E-5
-3.588E+1	9.980E-5
-3.622E+1	9.904E-5
-3.655E+1	9.897E-5
-3.688E+1	9.957E-5
-3.722E+1	1.001E-4
-3.756E+1	9.995E-5
-3.788E+1	9.982E-5
-3.821E+1	9.975E-5
-3.853E+1	9.957E-5
-3.885E+1	1.005E-4
-3.917E+1	9.992E-5
-3.949E+1	9.970E-5
-3.981E+1	9.983E-5
-4.014E+1	9.962E-5
-4.045E+1	9.926E-5
-4.076E+1	9.908E-5
-4.107E+1	9.963E-5
-4.138E+1	9.989E-5
-4.169E+1	9.896E-5
-4.200E+1	9.917E-5
-4.231E+1	9.960E-5
-4.263E+1	9.932E-5
-4.293E+1	9.953E-5
-4.323E+1	1.000E-4
-4.354E+1	1.001E-4
-4.384E+1	1.004E-4
-4.414E+1	1.002E-4
-4.445E+1	1.003E-4
-4.474E+1	1.004E-4
-4.504E+1	9.963E-5
-4.533E+1	1.006E-4
-4.562E+1	9.969E-5
-4.592E+1	9.978E-5
-4.621E+1	1.013E-4
-4.651E+1	1.004E-4
-4.680E+1	9.938E-5
-4.708E+1	9.919E-5
-4.737E+1	9.995E-5
-4.765E+1	9.933E-5
-4.793E+1	1.003E-4
-4.822E+1	1.003E-4
-4.850E+1	1.003E-4
-4.878E+1	1.002E-4
-4.906E+1	1.005E-4
-4.934E+1	1.010E-4
-4.961E+1	1.006E-4
-4.989E+1	1.011E-4
-5.017E+1	1.001E-4
