header.
Temperature: 300 K
Motor frequency: 65 Hz Hz
Motor amplitude:  mm
time constant:  s
sample information: R778-5.009E+0	-1.279E-4
-4.856E+0	-1.278E-4
-4.607E+0	-1.285E-4
-4.356E+0	-1.276E-4
-4.103E+0	-1.280E-4
-3.852E+0	-1.283E-4
-3.596E+0	-1.278E-4
-3.344E+0	-1.279E-4
-3.095E+0	-1.277E-4
-2.836E+0	-1.288E-4
-2.585E+0	-1.286E-4
-2.302E+0	-1.286E-4
-2.050E+0	-1.292E-4
-1.801E+0	-1.281E-4
-1.553E+0	-1.280E-4
-1.305E+0	-1.281E-4
-1.057E+0	-1.280E-4
-8.079E-1	-1.285E-4
-5.240E-1	-1.292E-4
-2.677E-1	-1.291E-4
2.788E-3	-1.283E-4
2.494E-1	-1.287E-4
4.995E-1	-1.297E-4
7.541E-1	-1.288E-4
1.000E+0	-1.288E-4
1.246E+0	-1.286E-4
1.493E+0	-1.286E-4
1.783E+0	-1.289E-4
2.030E+0	-1.292E-4
2.274E+0	-1.289E-4
2.518E+0	-1.288E-4
2.761E+0	-1.279E-4
3.008E+0	-1.289E-4
3.259E+0	-1.286E-4
3.502E+0	-1.289E-4
3.744E+0	-1.286E-4
3.986E+0	-1.284E-4
4.226E+0	-1.292E-4
4.468E+0	-1.285E-4
4.712E+0	-1.279E-4
4.959E+0	-1.286E-4
5.200E+0	-1.283E-4
5.440E+0	-1.290E-4
5.679E+0	-1.281E-4
5.918E+0	-1.288E-4
6.162E+0	-1.287E-4
6.408E+0	-1.290E-4
6.648E+0	-1.288E-4
6.888E+0	-1.291E-4
7.127E+0	-1.284E-4
7.364E+0	-1.287E-4
7.607E+0	-1.287E-4
7.854E+0	-1.285E-4
8.098E+0	-1.286E-4
8.342E+0	-1.286E-4
8.578E+0	-1.289E-4
8.815E+0	-1.285E-4
9.051E+0	-1.283E-4
9.287E+0	-1.286E-4
9.527E+0	-1.288E-4
9.765E+0	-1.285E-4
1.000E+1	-1.290E-4
1.024E+1	-1.281E-4
1.047E+1	-1.287E-4
1.072E+1	-1.281E-4
1.095E+1	-1.286E-4
1.118E+1	-1.282E-4
1.142E+1	-1.285E-4
1.165E+1	-1.277E-4
1.189E+1	-1.284E-4
1.212E+1	-1.285E-4
1.236E+1	-1.282E-4
1.259E+1	-1.286E-4
1.282E+1	-1.273E-4
1.306E+1	-1.286E-4
1.330E+1	-1.280E-4
1.353E+1	-1.289E-4
1.376E+1	-1.281E-4
1.399E+1	-1.275E-4
1.422E+1	-1.283E-4
1.445E+1	-1.289E-4
1.468E+1	-1.289E-4
1.491E+1	-1.282E-4
1.514E+1	-1.277E-4
1.537E+1	-1.284E-4
1.560E+1	-1.284E-4
1.583E+1	-1.273E-4
1.606E+1	-1.276E-4
1.628E+1	-1.279E-4
1.651E+1	-8.419E-5
1.673E+1	9.607E-5
1.696E+1	1.142E-4
1.719E+1	1.152E-4
1.742E+1	1.158E-4
1.764E+1	1.166E-4
1.787E+1	1.166E-4
1.809E+1	1.170E-4
1.831E+1	1.172E-4
1.853E+1	1.166E-4
1.876E+1	1.168E-4
1.899E+1	1.161E-4
1.921E+1	1.176E-4
1.943E+1	1.169E-4
1.965E+1	1.167E-4
1.987E+1	1.169E-4
2.010E+1	1.169E-4
2.033E+1	1.175E-4
2.059E+1	1.176E-4
2.081E+1	1.179E-4
2.104E+1	1.177E-4
2.126E+1	1.181E-4
2.147E+1	1.177E-4
2.169E+1	1.180E-4
2.191E+1	1.173E-4
2.213E+1	1.172E-4
2.234E+1	1.179E-4
2.256E+1	1.185E-4
2.278E+1	1.180E-4
2.300E+1	1.177E-4
2.323E+1	1.170E-4
2.344E+1	1.179E-4
2.366E+1	1.179E-4
2.387E+1	1.181E-4
2.408E+1	1.172E-4
2.430E+1	1.174E-4
2.451E+1	1.182E-4
2.473E+1	1.175E-4
2.494E+1	1.181E-4
2.516E+1	1.183E-4
2.538E+1	1.177E-4
2.559E+1	1.186E-4
2.580E+1	1.178E-4
2.602E+1	1.182E-4
2.623E+1	1.174E-4
2.645E+1	1.187E-4
2.666E+1	1.183E-4
2.687E+1	1.182E-4
2.708E+1	1.181E-4
2.729E+1	1.183E-4
2.750E+1	1.183E-4
2.771E+1	1.189E-4
2.793E+1	1.186E-4
2.814E+1	1.181E-4
2.835E+1	1.181E-4
2.855E+1	1.175E-4
2.876E+1	1.181E-4
2.897E+1	1.178E-4
2.918E+1	1.185E-4
2.939E+1	1.187E-4
2.960E+1	1.182E-4
2.981E+1	1.187E-4
3.002E+1	1.182E-4
3.022E+1	1.186E-4
3.043E+1	1.182E-4
3.064E+1	1.184E-4
3.085E+1	1.181E-4
3.105E+1	1.175E-4
3.126E+1	1.179E-4
3.146E+1	1.184E-4
3.167E+1	1.183E-4
3.187E+1	1.181E-4
3.207E+1	1.182E-4
3.228E+1	1.182E-4
3.249E+1	1.181E-4
3.269E+1	1.190E-4
3.290E+1	1.186E-4
3.310E+1	1.176E-4
3.330E+1	1.183E-4
3.350E+1	1.182E-4
3.371E+1	1.185E-4
3.392E+1	1.182E-4
3.412E+1	1.183E-4
3.432E+1	1.186E-4
3.452E+1	1.184E-4
3.472E+1	1.183E-4
3.492E+1	1.176E-4
3.512E+1	1.181E-4
3.377E+1	1.185E-4
3.419E+1	1.184E-4
3.391E+1	1.184E-4
3.362E+1	1.182E-4
3.332E+1	1.188E-4
3.303E+1	1.190E-4
3.274E+1	1.176E-4
3.245E+1	1.181E-4
3.216E+1	1.191E-4
3.188E+1	1.186E-4
3.159E+1	1.178E-4
3.130E+1	1.188E-4
3.100E+1	1.187E-4
3.072E+1	1.183E-4
3.044E+1	1.184E-4
3.015E+1	1.181E-4
2.987E+1	1.183E-4
2.958E+1	1.187E-4
2.929E+1	1.183E-4
2.900E+1	1.180E-4
2.871E+1	1.170E-4
2.843E+1	1.183E-4
2.815E+1	1.179E-4
2.787E+1	1.171E-4
2.759E+1	1.189E-4
2.730E+1	1.179E-4
2.702E+1	1.179E-4
2.674E+1	1.182E-4
2.645E+1	1.179E-4
2.617E+1	1.181E-4
2.589E+1	1.182E-4
2.561E+1	1.186E-4
2.533E+1	1.183E-4
2.506E+1	1.192E-4
2.478E+1	1.183E-4
2.450E+1	1.181E-4
2.421E+1	1.187E-4
2.393E+1	1.177E-4
2.366E+1	1.177E-4
2.338E+1	1.188E-4
2.311E+1	1.180E-4
2.283E+1	1.183E-4
2.255E+1	1.186E-4
2.227E+1	1.183E-4
2.200E+1	1.178E-4
2.173E+1	1.177E-4
2.145E+1	1.180E-4
2.118E+1	1.184E-4
2.091E+1	1.193E-4
2.064E+1	1.174E-4
2.036E+1	1.177E-4
2.006E+1	1.178E-4
1.979E+1	1.175E-4
1.952E+1	1.173E-4
1.924E+1	1.182E-4
1.897E+1	1.180E-4
1.870E+1	1.183E-4
1.843E+1	1.184E-4
1.816E+1	1.180E-4
1.789E+1	1.183E-4
1.762E+1	1.174E-4
1.735E+1	1.173E-4
1.708E+1	1.172E-4
1.681E+1	1.180E-4
1.655E+1	1.173E-4
1.628E+1	1.172E-4
1.602E+1	1.180E-4
1.575E+1	1.177E-4
1.547E+1	1.179E-4
1.521E+1	1.177E-4
1.495E+1	1.175E-4
1.468E+1	6.323E-6
1.442E+1	-1.164E-4
1.416E+1	-1.252E-4
1.389E+1	-1.265E-4
1.362E+1	-1.273E-4
1.336E+1	-1.258E-4
1.310E+1	-1.261E-4
1.283E+1	-1.269E-4
1.257E+1	-1.271E-4
1.230E+1	-1.271E-4
1.203E+1	-1.279E-4
1.177E+1	-1.276E-4
1.151E+1	-1.270E-4
1.125E+1	-1.277E-4
1.099E+1	-1.276E-4
1.073E+1	-1.281E-4
1.046E+1	-1.273E-4
1.020E+1	-1.270E-4
9.938E+0	-1.275E-4
9.681E+0	-1.277E-4
9.426E+0	-1.285E-4
9.167E+0	-1.279E-4
8.903E+0	-1.280E-4
8.639E+0	-1.279E-4
8.384E+0	-1.275E-4
8.132E+0	-1.288E-4
7.878E+0	-1.276E-4
7.626E+0	-1.279E-4
7.374E+0	-1.276E-4
7.121E+0	-1.291E-4
6.864E+0	-1.279E-4
6.604E+0	-1.287E-4
6.343E+0	-1.278E-4
6.092E+0	-1.282E-4
5.840E+0	-1.281E-4
5.590E+0	-1.280E-4
5.341E+0	-1.285E-4
5.091E+0	-1.281E-4
4.842E+0	-1.274E-4
4.585E+0	-1.280E-4
4.333E+0	-1.279E-4
4.084E+0	-1.277E-4
3.834E+0	-1.285E-4
3.585E+0	-1.280E-4
3.333E+0	-1.281E-4
3.079E+0	-1.289E-4
2.830E+0	-1.282E-4
2.579E+0	-1.289E-4
2.300E+0	-1.284E-4
2.052E+0	-1.281E-4
1.803E+0	-1.283E-4
1.551E+0	-1.292E-4
1.306E+0	-1.289E-4
1.059E+0	-1.293E-4
8.139E-1	-1.289E-4
5.406E-1	-1.285E-4
2.933E-1	-1.285E-4
2.000E-2	-1.282E-4
-2.271E-1	-1.288E-4
-4.707E-1	-1.290E-4
-7.157E-1	-1.284E-4
-9.577E-1	-1.280E-4
-1.207E+0	-1.283E-4
-1.458E+0	-1.283E-4
-1.755E+0	-1.280E-4
-2.003E+0	-1.285E-4
-2.252E+0	-1.279E-4
-2.492E+0	-1.276E-4
-2.733E+0	-1.279E-4
-2.971E+0	-1.285E-4
-3.210E+0	-1.292E-4
-3.450E+0	-1.281E-4
-3.696E+0	-1.279E-4
-3.943E+0	-1.283E-4
-4.180E+0	-1.287E-4
-4.418E+0	-1.292E-4
-4.655E+0	-1.284E-4
-4.893E+0	-1.290E-4
-5.132E+0	-1.288E-4
